# Camera list with one line of data per camera:
#   CAMERA_ID, MODEL, WIDTH, HEIGHT, PARAMS[]
# Number of cameras: 66
1 SIMPLE_RADIAL 598 598 668.58680065983674 299 299 -0.25775959423416905
2 SIMPLE_RADIAL 598 598 667.18058737095043 299 299 -0.25028289136440857
3 SIMPLE_RADIAL 598 598 650.11868130971163 299 299 -0.23533624939751224
4 SIMPLE_RADIAL 598 598 650.17516705121318 299 299 -0.24621117177125507
5 SIMPLE_RADIAL 598 598 654.76160250034434 299 299 -0.2516377369200446
6 SIMPLE_RADIAL 598 598 653.34819657673279 299 299 -0.24931267216711747
7 SIMPLE_RADIAL 598 598 661.86216601629781 299 299 -0.25752129733979412
8 SIMPLE_RADIAL 598 598 663.60280505948379 299 299 -0.29183491529681849
9 SIMPLE_RADIAL 598 598 633.09677178329343 299 299 -0.2505078996517856
10 SIMPLE_RADIAL 598 598 623.11110978757517 299 299 -0.24104025753825797
11 SIMPLE_RADIAL 598 598 657.9631924968993 299 299 -0.25132154958794756
12 SIMPLE_RADIAL 598 598 647.50150372017686 299 299 -0.25110855727815079
13 SIMPLE_RADIAL 598 598 642.04226017195288 299 299 -0.24569384515545636
14 SIMPLE_RADIAL 598 598 639.88767678136605 299 299 -0.24763631796449317
15 SIMPLE_RADIAL 598 598 640.60174358884831 299 299 -0.24759466137222608
16 SIMPLE_RADIAL 598 598 637.28219696567839 299 299 -0.24294901433420305
17 SIMPLE_RADIAL 598 598 632.2842453716512 299 299 -0.23965891913739565
18 SIMPLE_RADIAL 598 598 624.35580464246812 299 299 -0.23481443604644109
19 SIMPLE_RADIAL 598 598 616.72481546723691 299 299 -0.23420726081840659
20 SIMPLE_RADIAL 598 598 613.87188808006169 299 299 -0.2358808317312083
21 SIMPLE_RADIAL 598 598 602.69528562470839 299 299 -0.21963203348107441
22 SIMPLE_RADIAL 598 598 605.68300101730847 299 299 -0.22833975986442945
23 SIMPLE_RADIAL 598 598 616.10625351318879 299 299 -0.2416888966098972
24 SIMPLE_RADIAL 598 598 618.37975973608604 299 299 -0.24720520103547508
25 SIMPLE_RADIAL 598 598 617.2910620142967 299 299 -0.24886169644569547
26 SIMPLE_RADIAL 598 598 613.45663031856725 299 299 -0.24042534235352225
27 SIMPLE_RADIAL 598 598 607.11598257583387 299 299 -0.24664743700168193
28 SIMPLE_RADIAL 598 598 603.53014100511928 299 299 -0.18812786228691813
29 SIMPLE_RADIAL 598 598 607.32098711521417 299 299 -0.22952682582907588
30 SIMPLE_RADIAL 598 598 624.50749279084596 299 299 -0.23570924250799846
31 SIMPLE_RADIAL 598 598 632.0095960279599 299 299 -0.22040040623220469
32 SIMPLE_RADIAL 598 598 635.00650504602334 299 299 -0.23287595852315832
33 SIMPLE_RADIAL 598 598 638.25433635115371 299 299 -0.23785979783667052
34 SIMPLE_RADIAL 598 598 650.9746074487947 299 299 -0.23724967950179804
35 SIMPLE_RADIAL 598 598 664.00216430101204 299 299 -0.24783591402623587
36 SIMPLE_RADIAL 598 598 656.56317642590705 299 299 -0.24455761557386063
37 SIMPLE_RADIAL 598 598 652.75257691881484 299 299 -0.25147450416757705
38 SIMPLE_RADIAL 598 598 662.7923803782985 299 299 -0.22119353263552621
39 SIMPLE_RADIAL 598 598 685.46449728093603 299 299 -0.21359318994321633
46 SIMPLE_RADIAL 598 598 657.64006616882602 299 299 -0.21866706552735551
47 SIMPLE_RADIAL 598 598 622.37256575422839 299 299 -0.21956579262592485
48 SIMPLE_RADIAL 598 598 613.2448410504029 299 299 -0.21727447511334799
49 SIMPLE_RADIAL 598 598 610.0809241301007 299 299 -0.21030379483355352
50 SIMPLE_RADIAL 598 598 611.9419516783372 299 299 -0.21386585060910632
51 SIMPLE_RADIAL 598 598 621.62388822347316 299 299 -0.22241146459107325
52 SIMPLE_RADIAL 598 598 622.21485765215937 299 299 -0.22015229856311208
53 SIMPLE_RADIAL 598 598 625.03341023120959 299 299 -0.218694149743759
54 SIMPLE_RADIAL 598 598 627.37966841449736 299 299 -0.22630882511045539
55 SIMPLE_RADIAL 598 598 626.86318091751434 299 299 -0.22768268879421924
56 SIMPLE_RADIAL 598 598 621.78118085652113 299 299 -0.21862455535858838
57 SIMPLE_RADIAL 598 598 623.34881171726181 299 299 -0.21865131490357448
58 SIMPLE_RADIAL 598 598 616.37511198650873 299 299 -0.21322715396734176
59 SIMPLE_RADIAL 598 598 608.11273775160714 299 299 -0.20435098479011518
60 SIMPLE_RADIAL 598 598 591.50262258578095 299 299 -0.23773943971119893
61 SIMPLE_RADIAL 598 598 593.08457297642906 299 299 -0.22320192550926476
62 SIMPLE_RADIAL 598 598 592.39509452073844 299 299 -0.22302092336207249
63 SIMPLE_RADIAL 598 598 592.76676803842781 299 299 -0.21946195828555737
64 SIMPLE_RADIAL 598 598 592.70125153830566 299 299 -0.21857126100377552
280 SIMPLE_RADIAL 598 598 668.91196137511372 299 299 -0.28917585404150042
281 SIMPLE_RADIAL 598 598 689.28868193205221 299 299 -0.32849420639162591
282 SIMPLE_RADIAL 598 598 679.8892362966086 299 299 -0.32347777433008618
283 SIMPLE_RADIAL 598 598 641.17825865841974 299 299 -0.29761598417144969
284 SIMPLE_RADIAL 598 598 684.92469886733875 299 299 -0.32534977710504598
285 SIMPLE_RADIAL 598 598 659.16309008990788 299 299 -0.30567472517897448
286 SIMPLE_RADIAL 598 598 626.49601715015672 299 299 -0.27141430043118098
287 SIMPLE_RADIAL 598 598 584.78033690439827 299 299 -0.24250109809660214
